1
4
8
8
9
9
13
15
17
18
23
38
28
44
49
50
50
54
59
73
83
84
87
89
94
108
103
109
117
117
125
125
132
145
146
149
156
156
159
164
164
172
172
173
174
177
179
181
183
189
189
195
193
196
199
205
221
223
232
224
241
254
250
258
267
269
271
277
283
288
290
297
299
302
313
320
321
332
336
340
354
359
364
369
372
376
376
382
394
385
395
405
421
422
425
424
427
430
434
434
441
453
444
454
454
459
460
470
473
478
478
481
487
488
496
497
499
499
500
508
512
518
519
526
530
528
530
532
532
536
538
538
545
556
561
573
587
589
604
593
607
612
620
629
632
634
641
655
663
673
681
690
697
699
712
723
724
735
739
742
744
749
750
755
754
758
763
768
767
769
777
769
784
785
790
804
820
821
825
839
850
857
866
869
882
879
891
891
895
895
900
906
900
903
921
916
920
925
929
931
932
949
953
956
967
957
974
981
981
985
982
996
996
997
1005
1000
1011
1012
1028
1030
1031
1044
1045
1046
1045
1056
1064
1084
1086
1087
1092
1099
1116
1117
1120
1120
1124
1127
1133
1141
1145
1147
1148
1151
1151
1160
1162
1163
1166
1166
1167
1176
1176
1185
1188
1195
1197
1222
1223
1236
1229
1240
1246
1247
1248
1250
1252
1254
1260
1261
1265
1276
1281
1293
1295
1302
1309
1305
1310
1318
1314
1333
1333
1356
1361
1362
1370
1371
1379
1385
1380
1385
1387
1391
1403
1406
1407
1413
1419
1420
1420
1434
1438
1450
1457
1462
1466
1477
1482
1493
1487
1504
1508
1511
1512
1525
1575
1537
1538
1542
1579
1543
1585
1582
1585
1587
1594
1603
1604
1606
1609
1620
1631
1633
1634
1644
1648
1648
1656
1659
1661
1667
1661
1673
1678
1677
1682
1687
1703
1704
1714
1709
1718
1720
1727
1751
1753
1763
1764
1767
1771
1774
1784
1798
1799
1799
1810
1801
1806
1802
1815
1819
1823
1823
1825
1827
1830
1830
1842
1862
1867
1869
1874
1878
1882
1890
1899
1911
1911
1912
1913
1917
1928
1934
1938
1943
1955
1955
1958
1981
1976
1985
2011
2012
2021
2029
2026
2049
2051
2052
2058
2066
2080
2075
2083
2092
2111
2096
2114
2102
2127
2127
2131
2130
2132
2132
2156
2158
2164
2166
2168
2172
2174
2175
2180
2191
2188
2198
2203
2230
2204
2230
2234
2234
2242
2250
2243
2260
2278
2260
2279
2288
2289
2299
2299
2326
2310
2332
2344
2343
2354
2354
2364
2364
2365
2370
2372
2380
2385
2383
2387
2398
2404
2409
2412
2413
2416
2457
2426
2435
2441
2450
2460
2465
2469
2469
2474
2493
2516
2493
2500
2493
2522
2524
2537
2530
2541
2553
2569
2570
2570
2570
2574
2585
2589
2600
2603
2669
2613
2624
2626
2633
2636
2634
2639
2645
2645
2648
2648
2648
2651
2655
2659
2675
2666
2684
2686
2687
2690
2696
2696
2699
2703
2701
2714
2727
2743
2745
2748
2773
2776
2782
2782
2785
2785
2788
2798
2805
2815
2817
2825
2827
2827
2831
2831
2872
2841
2857
2861
2863
2863
2863
2869
2873
2874
2874
2879
2882
2890
2892
2899
2902
2906
2916
2918
2932
2935
2937
2945
2946
2972
2960
2978
2980
2979
2988
2988
2995
2995
3003
3011
3041
3042
3043
3048
3850
3055
3058
3069
3069
3073
3080
3075
3087
3089
3090
3102
3102
3110
3114
3114
3116
3116
3116
3122
3127
3140
3139
3142
3143
3146
3154
3159
3166
3167
3169
3178
3184
3183
3192
3200
3201
3206
3215
3217
3220
3227
3228
3228
3237
3237
3251
3252
3254
3263
3259
3280
3298
3303
3303
3308
3308
3311
3311
3315
3315
3319
3324
3327
3336
3328
3350
3354
3364
3582
3369
3375
3382
3380
3383
3406
3408
3414
3419
3430
3431
3432
3432
3440
3445
3445
3451
3449
3454
3457
3458
3459
3472
3466
3473
3474
3475
3478
3487
3489
3492
3500
3500
3515
3520
3552
3525
3559
3569
3573
3575
3580
3582
3585
3589
3590
3599
3603
3607
3611
3612
3614
3615
3620
3628
3634
3635
3643
3635
3636
3644
3647
3653
3677
3681
3693
3702
3702
3711
3716
3723
3732
3730
3740
3765
3753
3774
3777
3778
3782
3779
3798
3816
3817
3818
3833
3825
3839
3829
3842
3843
3843
3843
3850
3850
3855
3862
3875
3865
3876
3878
3881
3884
3893
3900
3905
3907
3910
3927
3922
3924
3931
3939
3941
3943
3943
3954
3950
3955
3957
3960
3963
3974
3981
3978
3986
3988
3994
3996
4000
4001
4011
4023
4024
4028
4043
4080
4044
4046
4051
4047
4048
4048
4061
4063
4065
4070
4070
4082
4077
4083
4089
4096
4099
4103
4104
4116
4129
4141
4148
4179
4179
4179
4182
4187
4184
4192
4197
4206
4202
4208
4216
4217
4218
4226
4228
4229
4232
4234
4239
4240
4241
4259
4247
4253
4251
4256
4275
4280
4284
4287
4292
4293
4301
4304
4308
4316
4316
4339
4320
4321
4329
4323
4330
4331
4340
4332
4338
4344
4344
4345
4352
4357
4365
4357
4358
4360
4364
4365
4375
4380
4400
4407
4410
4415
4426
4426
4433
4434
4446
4442
4447
4447
4450
4457
4469
4471
4481
4481
4485
4487
4490
4492
4505
4508
4505
4508
4512
4516
4530
4539
4540
4547
4551
4556
4563
4568
4570
4572
4577
4582
4586
4587
4588
4590
4605
4609
4607
4619
4629
4632
4631
4640
4647
4650
4669
4653
4685
4686
4696
4701
4703
4704
4706
4706
4709
4709
4716
4713
4732
4737
4740
4738
4861
4741
4748
4748
4756
4750
4760
4761
4764
4765
4771
4773
4774
4775
4794
4791
4797
4800
4801
4805
4816
4817
4821
4821
4839
4842
4854
4863
4875
4882
4887
4889
4899
4909
4909
4911
4912
4922
4923
4937
4938
4943
4956
4949
4951
4965
4969
4974
4988
4990
5001
5009
5002
5011
5017
5042
5032
5044
5040
5045
5049
5052
5055
5055
5056
5056
5057
5104
5062
5065
5068
5078
5079
5081
5082
5104
5112
5125
5131
5142
5140
5145
5149
5155
5155
5158
5179
5182
5184
5191
5191
5205
5211
5218
5222
5218
5221
5235
5236
5248
5250
5260
5269
5275
5276
5296
5305
5316
5320
5323
5325
5329
5331
5330
5335
5341
5345
5341
5345
5386
5349
5356
5369
5377
5383
5390
5392
5397
5397
5407
5416
5410
5416
5416
5431
5433
5439
5460
5463
5468
5477
5484
5497
5499
5503
5518
5526
5532
5533
5535
5536
5542
5543
5543
5545
5545
5572
5581
5587
5590
5611
5619
5619
5620
5624
5624
5628
5631
5641
5656
5662
5663
5669
5673
5687
5691
5702
5711
5703
5720
5723
5728
5734
5738
5742
5743
5743
5752
5757
5764
5771
5784
5787
5788
5794
5799
5809
5810
5817
5817
5819
5820
5821
5822
5826
5849
5855
5855
5857
5861
5866
5867
5870
5873
5880
5881
5909
5882
5918
5896
5930
5931
5932
5932
5936
5939
5941
5943
5948
5949
5950
5964
5964
5972
5973
5973
5980
5989
5998
6021
6028
6032
6034
6043
6048
6050
6051
6056
6066
6072
6072
6073
6078
6079
6085
6083
6087
6090
6091
6092
6094
6099
6099
6100
6102
6102
6103
6104
6107
6118
6121
6120
6124
6133
6135
6144
6148
6148
6158
6158
6171
6169
6171
6173
6171
6183
6201
6204
6209
6214
6219
6222
6226
6224
6236
6248
6252
6257
6259
6259
6264
6265
6267
6271
6276
6283
6288
6288
6300
6303
6321
6328
6342
6345
6371
6348
6352
6352
6357
6356
6357
6367
6373
6374
6375
6377
6385
6398
6401
6427
6430
6439
6437
6441
6444
6448
6469
6457
6470
6473
6492
6493
6503
6504
6513
6517
6514
6537
6559
6543
6559
6566
6573
6575
6579
6582
6594
6601
6602
6604
6637
6638
6640
6656
6658
6670
6660
6678
6678
6680
6706
6709
6710
6727
6743
6741
6743
6762
6757
6770
6778
6775
6782
6794
6807
6833
6821
6845
6853
6852
6854
6860
6856
6893
6867
6867
6874
6877
6884
6889
6886
6915
6907
6919
6919
6927
6928
6929
6932
6931
6937
6941
6938
6942
6943
6946
6950
6953
6963
6960
6964
6969
6974
6978
6985
6986
6988
6988
6990
6992
6993
6999
7000
7008
7013
7022
7039
7039
7042
7041
7046
7049
7050
7052
7089
7054
7061
7083
7064
7084
7088
7090
7105
7096
7117
7128
7128
7129
7134
7134
7134
7147
7135
7150
7151
7163
7162
7164
7165
7171
7175
7176
7182
7182
7189
7205
7209
7207
7209
7217
7226
7233
7233
7234
7245
7251
7255
7260
7261
7273
7293
7303
7313
7313
7314
7319
7333
7341
7333
7350
7355
7367
7381
7384
7393
7393
7410
7396
7420
7411
7425
7427
7445
7427
7447
7449
7513
7458
7475
7473
7476
7481
7479
7484
7494
7497
7511
7513
7514
7517
7520
7521
7530
7538
7539
7540
7558
7578
7585
7588
7588
7597
7604
7605
7613
7615
7630
7631
7650
7643
7651
7657
7664
7669
7674
7675
7688
7689
7690
7691
7691
7697
7691
7699
7706
7717
7818
7720
7724
7725
7727
7728
7732
7761
7757
7766
7772
7776
7781
7783
7793
7798
7801
7805
7817
7808
7823
7825
7829
7831
7838
7844
7851
7855
7856
7859
7862
7864
7864
7868
7875
7875
7881
7880
9624
7882
7888
7893
7891
7894
7898
7898
7902
7904
7908
7906
7909
7914
7918
7925
7930
7931
7943
7943
7946
7953
7950
7971
7974
7992
7996
8002
8002
8014
8006
8011
8023
8037
8045
8058
8059
8060
8094
8064
8072
8077
8080
8089
8088
8095
8101
8109
8126
8113
8131
8142
8144
8162
8163
8167
8174
8174
8184
8176
8199
8187
8212
8219
8223
8225
8229
8233
8240
8248
8250
8249
8249
8255
8255
8266
8267
8271
8275
8274
8307
8280
8288
8312
8303
8314
8315
8315
8329
8331
8332
8333
8334
8341
8345
8353
8354
8358
8358
8361
8363
8366
8368
8375
8378
8381
8383
8384
8390
8392
8395
8403
8412
8416
8421
8431
8436
8445
8459
8467
8470
8472
8478
8482
8481
8488
8493
8495
8509
8512
8516
8536
8534
8537
8548
8554
8556
8566
8572
8575
8574
8575
8579
8596
8605
8598
8608
8627
8625
8631
8637
8640
8641
8644
8656
8661
8671
8682
8672
8682
8686
8688
8689
8701
8704
8708
8709
8709
8710
8714
8715
8723
8723
8726
8739
8742
8743
8747
8745
8757
8758
8760
8760
8762
8763
8763
8767
8768
8779
8769
8778
8772
8783
8786
8801
8814
8807
8816
8826
8823
8831
8844
8848
8854
8854
8856
8856
8857
8858
8868
8871
8873
8875
8878
8880
8879
8889
8894
8896
8896
8897
8917
8919
8928
8941
8942
8946
8950
8958
8963
8965
8970
8975
8982
8985
8993
8993
8994
9002
8996
9004
9007
9009
9031
9032
9034
9082
9042
9045
9048
9053
9060
9061
9062
9063
9066
9067
9079
9095
9106
9116
9129
9116
9130
9136
9143
9146
9192
9151
9172
9173
9176
9180
9184
9184
9191
9192
9195
9197
9218
9204
9204
9223
9225
9232
9251
9253
9271
9261
9263
9279
9273
9303
9302
9316
9318
9324
9321
9336
9341
9338
9351
9362
9388
9392
9399
9419
9421
9429
9434
9443
9446
9452
9461
9470
9473
9484
9487
9486
9491
9493
9495
9494
9495
9501
9508
9505
9515
9516
9550
9536
9557
9569
9570
9573
9582
9581
9592
9611
9611
9612
9626
9620
9628
9632
9633
9634
9635
9637
9639
9639
9640
9640
9650
9652
9653
9655
9655
9662
9665
9667
9670
9675
9686
9689
9689
9695
9706
9712
9723
9721
9733
9737
9743
9747
9747
9766
9764
9789
9795
9795
9797
9798
9798
9806
9814
9815
9816
9816
9827
9825
9840
9830
9831
9835
9887
9844
9858
9856
9866
9866
9870
9870
9885
9886
9888
9902
9903
9904
9905
9906
9913
9915
9916
9916
9919
9922
9926
9930
9931
9931
9934
9935
9946
9947
9950
9953
9969
9971
9973
9982
9975
9981
9983
9983
9990
9989
9990
程序运行时间： 54ms